1,VE_15,VE_16,VEVE,0.0000,0.0950,-0.2111,0.4138,-0.3007,0.4713,-0.6770,-0.1264,-0.4525,-0.0906,-1.0637,-0.0473,0.0000,0.3000,0.0000,0.0000
2,VE_15,VE_17,VEVE,0.0000,0.6568,0.1139,0.7487,0.1722,0.7855,-0.2858,0.4393,-0.2301,0.1430,-0.1943,0.5714,0.0000,0.6066,0.0000,0.0000
3,VE_15,VE_18,VEVE,0.0000,0.1567,-0.9151,0.4304,-1.0913,0.4281,-0.7398,-0.0409,-0.5869,-0.0858,-0.5781,0.2885,0.0000,0.1567,0.0000,0.0000
4,VE_15,VE_19,VEVE,0.0000,0.0000,-0.1769,0.2366,-0.3722,0.2756,-0.5847,-0.1785,-0.4359,-0.0910,-1.0826,-0.3171,0.0000,0.3224,0.0000,0.0000
5,VE_15,VE_20,VEVE,0.0000,0.0000,-0.8924,0.2109,-0.9053,0.1861,-0.7756,-0.0822,-0.4639,0.0763,-1.1600,-0.2090,0.0000,0.1509,0.0000,0.0000
6,VE_15,VE_21,VEVE,0.0000,0.7767,0.2522,0.8088,-0.0686,0.7689,-0.3522,0.5952,-0.1903,0.3775,-0.6216,0.6742,0.0000,0.7975,0.0000,0.0000
7,VE_15,VE_22,VEVE,0.0000,0.5000,-0.0135,0.6445,0.0373,0.6445,-0.4969,0.3939,-0.3308,0.1074,-0.5158,0.2275,0.0000,0.4956,0.0000,0.0000
8,VE_15,VE_23,VEVE,0.0000,0.6841,-0.5693,0.7560,-0.4783,0.6846,-0.6179,0.8295,-0.4285,0.7899,-0.7368,0.5663,0.0000,0.6926,0.0000,0.0000
9,VE_15,VE_24,VEVE,0.0000,0.5126,0.0501,0.6457,-0.0336,0.6042,-0.4158,0.4293,-0.3649,0.1811,-0.5460,0.5091,0.0000,0.5126,0.0000,0.0000
10,VE_15,VE_25,VEVE,0.0000,0.5000,-0.6854,0.5034,-0.5065,0.5468,-0.5979,0.6652,-0.4138,0.3721,-0.6647,0.2895,0.0000,0.5000,0.0000,0.0000
11,VE_15,VE_26,VEVE,0.0000,0.5000,-0.0085,0.5784,-0.1382,0.5635,-0.4562,0.3807,-0.2893,0.3634,-0.7349,0.3077,0.0000,0.5000,0.0000,0.0000
12,VE_15,VE_27,VEVE,0.0000,0.5000,-0.1261,0.4509,-0.1102,0.5128,-0.1692,0.7524,-0.1263,0.9049,-0.3458,0.1933,0.0000,0.5000,0.0000,0.0000
13,VE_15,VE_28,VEVE,0.0000,0.5000,-0.0148,0.4627,0.0622,0.5317,-0.3871,0.5897,-0.3253,0.3679,-0.4545,0.3617,0.0000,0.5000,0.0000,0.0000
14,VE_15,VE_29,VEVE,0.0000,0.5302,-0.0017,0.6375,0.0977,0.6632,-0.3408,0.3553,-0.1882,0.2285,-0.3521,0.5000,0.0000,0.5302,0.0000,0.0000
15,VE_15,VE_30,VEVE,0.0000,0.5000,-0.0728,0.4717,-0.1398,0.4919,-0.4777,0.5247,-0.3751,0.2391,-0.4661,0.4737,0.0000,0.5000,0.0000,0.0000
16,VE_15,VE_31,VEVE,0.0000,0.6231,0.1208,0.7597,-0.1251,0.7089,-0.4804,0.5254,-0.3018,0.3259,-0.8000,0.5500,0.0000,0.6534,0.0000,0.0000
17,VE_15,VE_32,VEVE,0.1479,0.9679,0.3177,1.0000,0.1680,1.0000,-0.2025,1.0000,-0.1258,0.6893,-0.5652,1.0000,0.0025,1.0000,0.0000,0.0000
18,VE_16,VE_17,VEVE,0.0000,0.6940,-0.0019,0.8207,0.1214,0.8058,-0.4633,0.7455,-0.2532,0.5196,-0.2576,0.7989,0.0000,0.6940,0.0000,0.0000
19,VE_16,VE_18,VEVE,0.0000,0.3806,-0.9599,0.4638,-0.8469,0.5954,-0.5327,0.1761,-0.5300,0.3470,-0.6170,0.5279,0.0000,0.3806,0.0000,0.0000
20,VE_16,VE_19,VEVE,0.0000,0.7136,-0.5010,0.7427,-0.5498,0.5917,-0.3423,0.6044,-0.3361,0.3912,-0.6579,0.6000,0.0000,0.6826,0.0000,0.0000
21,VE_16,VE_20,VEVE,0.4275,0.7288,0.1227,0.7788,0.0098,0.7904,0.2427,0.7978,0.1005,0.7492,-0.1053,0.7231,0.1247,0.7288,0.0000,0.0000
22,VE_16,VE_21,VEVE,0.0000,0.4868,-0.1600,0.5033,-0.1262,0.4936,-0.4749,0.2993,-0.3633,0.1767,-0.6647,0.3077,0.0000,0.5000,0.0000,0.0000
23,VE_16,VE_22,VEVE,0.0000,0.3814,-0.7528,0.3838,-0.6603,0.5241,-0.6673,0.1443,-0.4243,0.2355,-0.8857,0.4059,0.0000,0.3814,0.0000,0.0000
24,VE_16,VE_23,VEVE,0.0000,0.0000,-1.0877,0.2427,-1.3088,0.0763,-0.7623,-0.1937,-0.9118,-0.0716,-1.1654,-0.0723,0.0000,0.0000,0.0000,0.0000
25,VE_16,VE_24,VEVE,0.0000,0.7202,0.0141,0.7323,0.1307,0.7842,-0.3029,0.7212,-0.0646,0.6788,-0.1455,0.7937,0.0000,0.7102,0.0000,0.0000
26,VE_16,VE_25,VEVE,0.0000,0.2716,-0.5794,0.3763,-0.6424,0.2710,-0.4881,0.3228,-0.4761,0.1708,-0.8165,0.3522,0.0000,0.3382,0.0000,0.0000
27,VE_16,VE_26,VEVE,0.0000,0.3750,-1.0054,0.3891,-1.1038,0.4582,-0.7356,0.1892,-0.8325,0.1422,-0.8641,0.0171,0.0000,0.3594,0.0000,0.0000
28,VE_16,VE_27,VEVE,0.0000,0.5000,-0.8193,0.4156,-0.8930,0.4774,-0.4276,0.6874,-0.6236,0.5383,-0.6471,0.2088,0.0000,0.5000,0.0000,0.0000
29,VE_16,VE_28,VEVE,0.0000,0.2733,-0.8012,0.3344,-0.7140,0.3912,-0.4932,0.1234,-0.5041,0.2863,-0.5158,0.4627,0.0000,0.5000,0.0000,0.0000
30,VE_16,VE_29,VEVE,0.0000,0.6564,0.0118,0.7525,0.1117,0.7811,-0.3645,0.6404,-0.2558,0.5153,-0.4516,0.7500,0.0000,0.6634,0.0000,0.0000
31,VE_16,VE_30,VEVE,0.0000,0.7058,-0.6339,0.7327,-0.4713,0.7781,-0.3436,0.7007,-0.4042,0.4827,-0.3880,0.7465,0.0000,0.7008,0.0000,0.0000
32,VE_16,VE_31,VEVE,0.0000,0.6437,-0.0791,0.7358,0.0538,0.8021,-0.3166,0.5453,-0.2092,0.4111,-0.3012,0.7188,0.0000,0.6437,0.0000,0.0000
33,VE_16,VE_32,VEVE,0.0000,0.0410,-0.1231,0.4490,-0.4796,0.4761,-0.5122,-0.0228,-0.3859,0.0528,-1.1913,0.2117,0.0000,0.0410,0.0000,0.0000
34,VE_17,VE_18,VEVE,0.0000,0.5429,-0.9215,0.7782,-0.8719,0.7461,-0.5628,0.6192,-0.4466,0.2467,-0.3784,0.7534,0.0000,0.5429,0.0000,0.0000
35,VE_17,VE_19,VEVE,0.0000,0.6251,-0.6246,0.7118,-0.5432,0.7498,-0.4569,0.4316,-0.3901,0.5603,-0.7349,0.7293,0.0000,0.6251,0.0000,0.0000
36,VE_17,VE_20,VEVE,0.0000,0.1081,-1.1838,0.2778,-1.4802,0.3737,-0.9833,0.0288,-0.8915,-0.0302,-0.9688,0.2198,0.0000,0.1081,0.0000,0.0000
37,VE_17,VE_21,VEVE,0.0000,0.5617,-0.6065,0.6322,-0.7365,0.6506,-0.6851,0.2966,-0.7613,0.1553,-0.6941,0.6087,0.0000,0.5617,0.0000,0.0000
38,VE_17,VE_22,VEVE,0.0000,0.5000,-0.6906,0.5248,-0.5205,0.5644,-0.6774,0.2511,-0.4592,0.1273,-0.5698,0.5200,0.0000,0.5000,0.0000,0.0000
39,VE_17,VE_23,VEVE,0.0000,0.5000,-0.6252,0.4233,-0.5797,0.3725,-0.3920,0.5167,-0.3417,0.3522,-0.4305,0.4512,0.0000,0.5000,0.0000,0.0000
40,VE_17,VE_24,VEVE,0.0000,0.8295,0.1821,0.8863,0.2852,0.8984,-0.3009,0.8654,-0.1405,0.9085,0.0270,0.9086,0.0000,0.8295,0.0000,0.0000
41,VE_17,VE_25,VEVE,0.0000,0.8356,-0.5548,1.0000,-0.3600,1.0000,-0.3158,1.0000,-0.1952,0.8693,-0.1771,1.0000,0.0000,1.0000,0.0000,0.0000
42,VE_17,VE_26,VEVE,0.0000,0.5000,-0.0703,0.5080,0.0155,0.5587,-0.3275,0.5052,-0.2458,0.3993,-0.2090,0.5238,0.0000,0.5000,0.0000,0.0000
43,VE_17,VE_27,VEVE,0.0000,0.3678,-0.9923,0.3580,-1.2200,0.4818,-0.6661,0.3895,-0.9051,0.0892,-0.7657,0.3358,0.0000,0.3678,0.0000,0.0000
44,VE_17,VE_28,VEVE,0.0000,0.6165,-0.8037,0.6717,-0.6079,0.7474,-0.4286,0.5826,-0.3976,0.7333,-0.2698,0.7465,0.0000,0.6165,0.0000,0.0000
45,VE_17,VE_29,VEVE,0.0513,0.9014,0.2881,1.0000,0.3275,1.0000,-0.1731,1.0000,-0.1280,0.9360,0.0055,1.0000,0.0000,1.0000,0.0000,0.0000
46,VE_17,VE_30,VEVE,0.0000,0.5000,-0.9476,0.5806,-0.9248,0.5805,-0.5698,0.2799,-0.8480,0.1278,-0.4934,0.5102,0.0000,0.5000,0.0000,0.0000
47,VE_17,VE_31,VEVE,0.0000,0.6071,-0.5793,0.7874,-0.6677,0.7978,-0.7063,0.5189,-0.7352,0.1885,-0.5469,0.6571,0.0000,0.6071,0.0000,0.0000
48,VE_17,VE_32,VEVE,0.0000,0.5000,0.0590,0.5507,-0.0356,0.5989,-0.3259,0.2407,-0.1340,0.2494,-0.2632,0.5365,0.0000,0.5000,0.0000,0.0000
49,VE_18,VE_19,VEVE,0.0000,0.2091,-1.4213,0.2314,-1.4051,0.3257,-0.5087,0.0586,-0.5482,0.1152,-0.6628,0.2394,0.0000,0.2091,0.0000,0.0000
50,VE_18,VE_20,VEVE,0.0000,0.3707,-1.2699,0.3468,-1.2993,0.4277,-0.5094,0.2370,-0.5673,0.2885,-0.7528,0.4627,0.0000,0.3197,0.0000,0.0000
51,VE_18,VE_21,VEVE,0.0000,0.0261,-1.3729,0.2194,-1.2386,0.2670,-0.6917,-0.0400,-0.6742,-0.0636,-0.5709,0.2448,0.0000,0.0000,0.0000,0.0000
52,VE_18,VE_22,VEVE,0.1139,0.7977,-0.2181,0.8568,-0.2253,0.8980,-0.1539,0.7810,-0.1196,0.5678,0.0491,0.8994,0.0000,0.8535,0.0000,0.0000
53,VE_18,VE_23,VEVE,0.0000,0.6486,-1.6418,0.8492,-1.7062,0.8873,-0.7713,0.7013,-0.9362,0.6512,-0.7953,0.8577,0.0000,0.7835,0.0000,0.0000
54,VE_18,VE_24,VEVE,0.0000,0.7887,-0.8790,0.8006,-0.7996,0.7816,-0.3307,0.7828,-0.3613,0.3617,-0.2093,0.8000,0.0000,0.7614,0.0000,0.0000
55,VE_18,VE_25,VEVE,0.0000,0.5129,-1.0846,0.5061,-1.0424,0.5927,-0.4673,0.5297,-0.3973,0.5748,-0.5000,0.6250,0.0000,0.5071,0.0000,0.0000
56,VE_18,VE_26,VEVE,0.0000,0.6611,-0.6355,0.6632,-0.6664,0.7254,-0.3712,0.9836,-0.5740,1.5401,-0.4333,0.7280,0.0000,0.5983,0.0000,0.0000
57,VE_18,VE_27,VEVE,0.0000,0.0000,-1.7114,-0.0300,-1.8683,0.0769,-0.8807,-0.0002,-0.9241,0.0010,-0.7622,0.0374,0.0000,0.0000,0.0000,0.0000
58,VE_18,VE_28,VEVE,0.0000,0.7656,-0.8595,0.8046,-0.7491,0.7866,-0.2397,0.7254,-0.3543,0.3923,-0.1474,0.7931,0.0000,0.7893,0.0000,0.0000
59,VE_18,VE_29,VEVE,0.0000,0.5000,-1.2961,0.5650,-1.2722,0.5668,-0.5317,0.3443,-0.7079,0.0296,-0.6119,0.5443,0.0000,0.5000,0.0000,0.0000
60,VE_18,VE_30,VEVE,0.0000,0.8009,-0.8536,0.8625,-0.8925,0.8913,-0.2494,0.8105,-0.4456,0.4433,-0.1887,0.9037,0.0000,0.8122,0.0000,0.0000
61,VE_18,VE_31,VEVE,0.0000,0.5000,-0.7027,0.5006,-0.8730,0.6040,-0.5500,0.4187,-0.5313,0.3038,-0.4892,0.5701,0.0000,0.5000,0.0000,0.0000
62,VE_18,VE_32,VEVE,0.0000,0.0410,-1.3944,0.0994,-1.3124,0.1481,-0.6253,-0.1378,-0.6645,-0.0299,-0.7536,0.1595,0.0000,0.0410,0.0000,0.0000
63,VE_19,VE_20,VEVE,0.0000,0.4924,-1.4181,0.3143,-1.5383,0.1729,-0.4391,0.3094,-0.9163,0.0832,-0.9106,-0.0161,0.0000,0.4924,0.0000,0.0000
64,VE_19,VE_21,VEVE,0.0000,0.4107,-1.0857,0.3942,-1.0663,0.4532,-0.4926,0.1303,-0.8272,0.0999,-1.0412,0.0909,0.0000,0.4107,0.0000,0.0000
65,VE_19,VE_22,VEVE,0.0000,0.3683,-0.7797,0.3810,-0.6881,0.4120,-0.5537,0.1027,-0.4091,0.1863,-0.7660,0.2448,0.0000,0.3683,0.0000,0.0000
66,VE_19,VE_23,VEVE,0.0000,0.5000,-0.1589,0.2593,-0.5649,0.2467,-0.2255,0.1414,-0.3121,0.3208,-0.5502,0.3762,0.0000,0.5000,0.0000,0.0000
67,VE_19,VE_24,VEVE,0.0000,0.4431,-1.0379,0.4103,-0.9755,0.4350,-0.5589,0.3652,-0.5545,0.5457,-0.8791,0.4930,0.0000,0.4294,0.0000,0.0000
68,VE_19,VE_25,VEVE,0.0000,0.6831,0.0575,0.7200,-0.2210,0.7651,-0.2722,0.5246,-0.1917,0.7602,-0.9817,0.7764,0.0000,0.6954,0.0000,0.0000
69,VE_19,VE_26,VEVE,0.0000,0.5000,-0.8860,0.2509,-0.7958,0.2408,-0.5713,0.2808,-0.4397,0.4106,-0.8274,0.0069,0.0000,0.5000,0.0000,0.0000
70,VE_19,VE_27,VEVE,0.0000,0.3362,-1.1545,0.2936,-1.5458,0.2124,-0.4228,0.0964,-0.9873,0.1328,-0.9543,0.0847,0.0000,0.5000,0.0000,0.0000
71,VE_19,VE_28,VEVE,0.0000,0.3320,-0.6776,0.3329,-0.6954,0.3396,-0.3811,0.2657,-0.2862,0.6238,-0.5429,0.4977,0.0000,0.3320,0.0000,0.0000
72,VE_19,VE_29,VEVE,0.0000,0.6484,-0.9388,0.5722,-0.8207,0.6616,-0.4635,0.4562,-0.5001,0.6297,-0.7802,0.6076,0.0000,0.6571,0.0000,0.0000
73,VE_19,VE_30,VEVE,0.0000,0.5000,-0.9849,0.5093,-1.0140,0.5518,-0.5411,0.3702,-0.6245,0.4481,-0.7518,0.4607,0.0000,0.5000,0.0000,0.0000
74,VE_19,VE_31,VEVE,0.0000,0.3104,-0.7039,0.5228,-1.3253,0.4436,-0.5955,0.2430,-1.0449,0.1475,-0.9485,0.2241,0.0000,0.3554,0.0000,0.0000
75,VE_19,VE_32,VEVE,0.0000,0.1122,-0.1124,0.4219,-0.4558,0.3014,-0.4004,0.0027,-0.3651,0.1393,-1.0903,0.2836,0.0000,0.1122,0.0000,0.0000
76,VE_20,VE_21,VEVE,0.0000,0.5240,-0.6905,0.6571,-0.8204,0.6105,-0.3867,0.5383,-0.1433,0.7159,-0.8367,0.6289,0.0000,0.6483,0.0000,0.0000
77,VE_20,VE_22,VEVE,0.0000,0.5000,-0.0996,0.4751,-0.2463,0.5243,-0.3836,0.4330,-0.2951,0.3103,-0.5577,0.5727,0.0000,0.5000,0.0000,0.0000
78,VE_20,VE_23,VEVE,0.0000,0.0000,-1.7504,-0.0760,-2.2165,-0.2844,-0.6477,-0.1807,-1.0022,-0.1504,-1.4242,-0.3534,0.0000,0.0000,0.0000,0.0000
79,VE_20,VE_24,VEVE,0.0000,0.5000,-1.2078,0.5218,-1.4587,0.5955,-0.6892,0.4207,-0.8539,0.2977,-0.8567,0.5414,0.0000,0.5000,0.0000,0.0000
80,VE_20,VE_25,VEVE,0.0000,0.2418,-1.2446,0.1172,-1.4714,-0.0604,-0.6598,0.1581,-1.0002,0.1262,-0.9217,0.0233,0.0000,0.4564,0.0000,0.0000
81,VE_20,VE_26,VEVE,0.0000,0.6902,-0.7661,0.7658,-1.0294,0.8084,-0.3993,0.6837,-0.7132,0.4268,-0.7809,0.6327,0.0000,0.7016,0.0000,0.0000
82,VE_20,VE_27,VEVE,0.0000,0.6865,-0.7761,0.5715,-0.7547,0.5699,-0.2651,0.7700,-0.0659,1.3477,-0.5211,0.7391,0.0000,0.6828,0.0000,0.0000
83,VE_20,VE_28,VEVE,0.0000,0.4660,-1.0932,0.2962,-1.2519,0.2946,-0.7133,0.3267,-0.8559,0.2972,-0.9149,0.5620,0.0000,0.4660,0.0000,0.0000
84,VE_20,VE_29,VEVE,0.0000,0.5873,-0.9372,0.7412,-1.0272,0.7624,-0.6530,0.7028,-0.8244,0.4722,-0.8403,0.7293,0.0000,0.7344,0.0000,0.0000
85,VE_20,VE_30,VEVE,0.0000,0.6891,-0.9264,0.7397,-0.9102,0.7730,-0.4497,0.6755,-0.5287,0.8447,-0.6194,0.7818,0.0000,0.8324,0.0000,0.0000
86,VE_20,VE_31,VEVE,0.1223,0.7875,-0.6009,0.8720,-0.5696,0.9003,-0.4551,0.8434,-0.1181,1.0628,-0.5652,0.8252,0.0198,0.8447,0.0000,0.0000
87,VE_20,VE_32,VEVE,0.0000,0.0789,-0.8475,0.0369,-0.9902,-0.1422,-0.6938,0.0460,-0.5489,-0.0872,-1.0893,-0.3500,0.0000,0.1344,0.0000,0.0000
88,VE_21,VE_22,VEVE,0.0000,0.1778,-0.1240,0.3148,-0.0715,0.2782,-0.5153,-0.0052,-0.3874,0.0027,-0.4931,0.1970,0.0000,0.0000,0.0000,0.0000
89,VE_21,VE_23,VEVE,0.0000,0.5000,-0.6893,0.2576,-0.7445,0.2031,-0.5308,0.4996,-0.4885,0.5228,-0.8419,0.2294,0.0000,0.5000,0.0000,0.0000
90,VE_21,VE_24,VEVE,0.0000,0.5000,-0.6072,0.5634,-0.6901,0.5968,-0.5839,0.3047,-0.7793,0.1110,-0.6432,0.5500,0.0000,0.5000,0.0000,0.0000
91,VE_21,VE_25,VEVE,0.0000,0.2479,-1.2573,0.2577,-1.4119,0.2779,-0.7649,-0.0143,-0.9529,0.0103,-1.0124,0.3182,0.0000,0.2422,0.0000,0.0000
92,VE_21,VE_26,VEVE,0.0000,0.5000,-0.0842,0.4764,-0.0580,0.4741,-0.4062,0.3186,-0.2327,0.4114,-0.4400,0.3525,0.0000,0.5000,0.0000,0.0000
93,VE_21,VE_27,VEVE,0.0000,0.5000,-1.0016,0.3083,-0.9455,0.3897,-0.4931,0.6157,-0.3832,1.1178,-0.6667,0.5522,0.0000,0.5000,0.0000,0.0000
94,VE_21,VE_28,VEVE,0.0000,0.4155,-0.8447,0.3070,-0.8674,0.4100,-0.7151,0.1967,-0.8303,0.0908,-0.7561,0.3472,0.0000,0.4155,0.0000,0.0000
95,VE_21,VE_29,VEVE,0.0000,0.6948,-0.5889,0.7177,-0.6388,0.7645,-0.4139,0.4389,-0.6359,0.3521,-0.5912,0.6561,0.0000,0.6993,0.0000,0.0000
96,VE_21,VE_30,VEVE,0.0000,0.8670,0.2313,0.8563,0.2409,0.8884,-0.0600,0.8383,-0.2108,0.8350,-0.0465,0.8882,0.0000,0.8439,0.0000,0.0000
97,VE_21,VE_31,VEVE,0.0000,0.8321,0.2748,1.0000,0.0398,1.0000,-0.4163,1.0000,-0.1925,0.8872,-0.2663,1.0000,0.0000,1.0000,0.0000,0.0000
98,VE_21,VE_32,VEVE,0.0000,0.6519,-0.0686,0.7810,-0.2106,0.7496,-0.4331,0.6575,-0.2992,0.4772,-0.7622,0.4953,0.0000,0.6519,0.0000,0.0000
99,VE_22,VE_23,VEVE,0.0000,0.4000,-1.1820,0.4394,-1.2166,0.5656,-0.6024,0.1234,-0.6986,0.1605,-0.7647,0.2941,0.0000,0.4000,0.0000,0.0000
100,VE_22,VE_24,VEVE,0.0000,0.8126,-0.5398,0.9010,-0.3663,0.8953,-0.4493,0.8893,-0.2451,0.5383,-0.3448,0.9011,0.0000,0.8500,0.0000,0.0000
101,VE_22,VE_25,VEVE,0.0000,0.5560,-0.7749,0.6107,-0.7100,0.6576,-0.4623,0.5904,-0.2525,0.4025,-0.4835,0.5284,0.0000,0.6038,0.0000,0.0000
102,VE_22,VE_26,VEVE,0.0000,0.4093,-0.9402,0.5565,-1.2876,0.5277,-0.7931,0.1653,-0.9554,0.0556,-1.0426,0.4627,0.0000,0.4093,0.0000,0.0000
103,VE_22,VE_27,VEVE,0.0000,0.4938,-1.4860,0.4480,-2.0367,0.3098,-1.0648,0.3118,-1.0405,0.1389,-0.9317,0.2469,0.0000,0.5000,0.0000,0.0000
104,VE_22,VE_28,VEVE,0.5000,1.0000,0.4789,1.0000,0.4759,1.0000,0.7294,1.0000,0.3441,0.7918,0.4178,1.0000,0.5000,1.0000,0.0000,0.0000
105,VE_22,VE_29,VEVE,0.0000,0.6559,-0.6378,0.7970,-0.4864,0.8083,-0.7656,0.6804,-0.5135,0.2740,-0.8514,0.8163,0.0000,0.6559,0.0000,0.0000
106,VE_22,VE_30,VEVE,0.0000,0.8059,0.0375,0.8547,0.2021,0.8863,-0.1081,0.8087,-0.0050,0.6278,-0.0435,0.8963,0.0000,0.8059,0.0000,0.0000
107,VE_22,VE_31,VEVE,0.0000,0.5000,-0.0516,0.4464,-0.0073,0.4517,-0.5167,0.1905,-0.2987,0.2696,-0.4464,0.5068,0.0000,0.5000,0.0000,0.0000
108,VE_22,VE_32,VEVE,0.0000,0.8333,-0.5182,0.8695,-0.5061,0.7867,-0.4297,0.8335,-0.2284,0.4356,-0.7293,0.7736,0.0000,0.8510,0.0000,0.0000
109,VE_23,VE_24,VEVE,0.0000,0.5191,-1.3523,0.7092,-1.5510,0.4876,-0.6575,0.2490,-0.9503,0.2313,-0.8383,0.4757,0.0000,0.5981,0.0000,0.0000
110,VE_23,VE_25,VEVE,0.0297,0.6412,-0.0623,0.6891,0.0260,0.7341,-0.0301,0.7128,0.0581,1.0382,-0.0992,0.7512,0.0000,0.6275,0.0000,0.0000
111,VE_23,VE_26,VEVE,0.0000,0.5020,-0.6500,0.5315,-0.8727,0.5067,-0.4317,0.5489,-0.4830,1.2378,-1.1767,0.5714,0.0000,0.5000,0.0000,0.0000
112,VE_23,VE_27,VEVE,0.0000,0.5000,-0.9336,0.4594,-1.3175,0.4279,-0.2749,0.3628,-0.6655,0.4682,-0.6277,0.3640,0.0000,0.5000,0.0000,0.0000
113,VE_23,VE_28,VEVE,0.0000,0.2275,-1.5651,0.1430,-1.4298,0.2520,-0.4995,0.0308,-0.8512,0.1329,-0.7500,0.1133,0.0000,0.2275,0.0000,0.0000
114,VE_23,VE_29,VEVE,0.0000,0.0000,-1.2434,0.1101,-1.2033,0.0639,-0.6037,-0.0700,-0.6302,0.0572,-0.9139,-0.0028,0.0000,0.0000,0.0000,0.0000
115,VE_23,VE_30,VEVE,0.0000,0.0000,-1.4537,0.1842,-1.4009,-0.1129,-0.6924,-0.1669,-0.9997,-0.0700,-0.7959,-0.0335,0.0000,0.1583,0.0000,0.0000
116,VE_23,VE_31,VEVE,0.0000,0.0809,-0.9023,0.3359,-1.3431,0.2117,-0.6423,0.0230,-0.9101,-0.0181,-0.9459,0.2030,0.0000,0.5000,0.0000,0.0000
117,VE_23,VE_32,VEVE,0.0000,0.7204,-0.4795,0.8597,-0.3180,0.8950,-0.4171,0.8121,-0.1614,0.9817,-0.3846,0.8065,0.0000,0.8432,0.0000,0.0000
118,VE_24,VE_25,VEVE,0.0000,0.3627,-1.2696,0.3896,-1.1250,0.3505,-0.7223,0.2791,-0.5962,0.5897,-0.7622,0.4447,0.0000,0.3627,0.0000,0.0000
119,VE_24,VE_26,VEVE,0.0000,0.3486,-0.8862,0.4705,-0.9713,0.4367,-0.7032,0.1779,-0.7494,-0.0142,-0.8621,0.4079,0.0000,0.2550,0.0000,0.0000
120,VE_24,VE_27,VEVE,0.0000,0.3188,-1.4818,0.2093,-1.7263,0.3040,-0.8456,0.0237,-1.1389,0.0067,-0.9211,-0.1101,0.0000,0.0730,0.0000,0.0000
121,VE_24,VE_28,VEVE,0.0000,0.8256,-0.5549,0.8755,-0.3702,0.9009,-0.2365,0.8566,-0.1366,0.8696,-0.1638,0.8983,0.0000,0.8754,0.0000,0.0000
122,VE_24,VE_29,VEVE,0.0000,0.6812,0.0667,0.7229,0.1354,0.7316,-0.2939,0.7177,-0.2832,0.7262,-0.0862,0.7895,0.0000,0.6745,0.0000,0.0000
123,VE_24,VE_30,VEVE,0.0000,0.7683,-1.1271,0.7300,-1.0820,0.7750,-0.4370,0.6249,-0.8092,0.4037,-0.3740,0.7209,0.0000,0.8127,0.0000,0.0000
124,VE_24,VE_31,VEVE,0.0000,0.6436,-0.8520,0.6600,-0.9383,0.7240,-0.5942,0.6077,-0.8063,0.3363,-0.5186,0.6561,0.0000,0.6436,0.0000,0.0000
125,VE_24,VE_32,VEVE,0.0000,0.5000,-0.5968,0.4744,-0.6294,0.4922,-0.6405,0.2962,-0.3376,0.2222,-0.7269,0.4322,0.0000,0.5000,0.0000,0.0000
126,VE_25,VE_26,VEVE,0.0000,0.0979,-0.8955,0.0523,-0.8083,0.1633,-0.5558,0.0387,-0.4283,0.1865,-0.6744,0.0270,0.0000,0.0979,0.0000,0.0000
127,VE_25,VE_27,VEVE,0.0000,0.4512,-1.0882,0.4307,-1.6557,0.4522,-0.7586,0.4799,-1.0362,0.3024,-1.0809,0.4449,0.0000,0.4398,0.0000,0.0000
128,VE_25,VE_28,VEVE,0.0000,0.5860,-0.8898,0.6136,-0.9848,0.6572,-0.4168,0.5746,-0.4062,0.6176,-0.5126,0.7353,0.0000,0.6865,0.0000,0.0000
129,VE_25,VE_29,VEVE,0.0000,0.2820,-0.9908,0.3539,-0.9960,0.4585,-0.6585,0.0929,-0.5418,0.3702,-0.8815,0.4098,0.0000,0.2820,0.0000,0.0000
130,VE_25,VE_30,VEVE,0.0000,0.2422,-1.3139,0.5904,-1.3504,0.4442,-0.6363,0.1575,-0.8339,0.1056,-0.7260,0.5628,0.0000,0.5000,0.0000,0.0000
131,VE_25,VE_31,VEVE,0.0000,0.5000,-0.6613,0.5340,-0.9779,0.4875,-0.6312,0.5664,-0.7531,0.2327,-0.7143,0.4419,0.0000,0.5000,0.0000,0.0000
132,VE_25,VE_32,VEVE,0.0379,0.8440,-0.2753,0.8695,-0.1674,0.8838,-0.1691,0.9055,-0.1012,0.8669,-0.3388,0.8105,0.0000,0.8482,0.0000,0.0000
133,VE_26,VE_27,VEVE,0.0000,0.7045,-0.5936,0.7479,-0.5344,0.7424,-0.1997,0.7810,-0.0811,1.1404,-0.4845,0.5765,0.0000,0.7045,0.0000,0.0000
134,VE_26,VE_28,VEVE,0.0000,0.1036,-1.1572,0.3236,-1.2472,0.2754,-0.6960,-0.0039,-0.9057,-0.0942,-0.9780,0.2824,0.0000,0.1036,0.0000,0.0000
135,VE_26,VE_29,VEVE,0.5000,0.8639,0.2714,0.9008,0.2966,0.8957,0.2204,0.9009,0.1405,0.6963,0.1589,0.8691,0.5000,0.8639,0.0000,0.0000
136,VE_26,VE_30,VEVE,0.0000,0.2564,-1.2250,0.2986,-1.1702,0.3756,-0.6535,0.0397,-0.9218,-0.0605,-0.8082,0.2653,0.0000,0.1068,0.0000,0.0000
137,VE_26,VE_31,VEVE,0.0000,0.6263,-0.8899,0.6765,-0.9254,0.6976,-0.6439,0.3625,-0.7410,0.3100,-0.7188,0.4600,0.0000,0.6106,0.0000,0.0000
138,VE_26,VE_32,VEVE,0.0000,0.0000,-0.7110,0.2161,-0.8198,0.3097,-0.7034,-0.1483,-0.5112,0.0466,-1.2345,-0.2687,0.0000,0.0000,0.0000,0.0000
139,VE_27,VE_28,VEVE,0.0000,0.2187,-2.2116,0.0600,-2.3353,-0.2389,-0.8559,-0.1155,-1.3608,-0.1890,-1.0043,-0.1638,0.0000,0.1287,0.0000,0.0000
140,VE_27,VE_29,VEVE,0.0000,0.6002,-1.1439,0.5238,-1.0989,0.6283,-0.4765,0.5627,-0.4925,0.8900,-0.6514,0.3933,0.0000,0.6002,0.0000,0.0000
141,VE_27,VE_30,VEVE,0.0000,0.1555,-1.4785,0.0350,-1.4758,0.0783,-0.7709,0.1097,-1.0378,0.3852,-0.8595,0.2267,0.0000,0.1420,0.0000,0.0000
142,VE_27,VE_31,VEVE,0.0000,0.6214,-0.1498,0.6241,0.0048,0.6641,-0.3152,0.8600,-0.2009,1.1488,-0.3729,0.5862,0.0000,0.6101,0.0000,0.0000
143,VE_27,VE_32,VEVE,0.0000,0.5000,-0.9409,0.4129,-1.0743,0.4352,-0.5775,0.2373,-0.7358,0.2281,-0.9459,0.2364,0.0000,0.5000,0.0000,0.0000
144,VE_28,VE_29,VEVE,0.0000,0.6000,-0.6007,0.6179,-0.4229,0.6866,-0.5824,0.5441,-0.4788,0.6322,-0.6718,0.7385,0.0000,0.6000,0.0000,0.0000
145,VE_28,VE_30,VEVE,0.0000,0.7630,-0.6642,0.7561,-0.7801,0.8129,-0.4144,0.8394,-0.4980,1.0854,-0.2979,0.8596,0.0000,0.7255,0.0000,0.0000
146,VE_28,VE_31,VEVE,0.0000,0.0714,-1.1818,0.2931,-1.1278,0.4089,-0.8092,0.0435,-0.8982,0.0939,-0.7705,0.3640,0.0000,0.0714,0.0000,0.0000
147,VE_28,VE_32,VEVE,0.0000,0.5777,-0.5094,0.6614,-0.4271,0.6795,-0.2277,0.6487,-0.1544,0.5062,-0.3891,0.5781,0.0000,0.6331,0.0000,0.0000
148,VE_29,VE_30,VEVE,0.0000,0.5753,-0.8870,0.6680,-0.9982,0.7113,-0.7783,0.4947,-0.9429,0.1637,-0.7095,0.7097,0.0000,0.5753,0.0000,0.0000
149,VE_29,VE_31,VEVE,0.0000,0.5000,-0.9852,0.5476,-1.0175,0.6122,-0.6712,0.3958,-0.8758,0.2758,-0.7584,0.5085,0.0000,0.5000,0.0000,0.0000
150,VE_29,VE_32,VEVE,0.0000,0.0000,-0.8214,0.2034,-0.7163,0.3494,-0.6244,-0.1044,-0.4192,-0.0542,-0.9688,-0.0519,0.0000,0.0000,0.0000,0.0000
151,VE_30,VE_31,VEVE,0.0000,0.8187,-0.2814,0.8917,-0.1462,0.8947,-0.3565,0.8690,-0.1847,0.9821,-0.0827,0.8861,0.0000,0.8453,0.0000,0.0000
152,VE_30,VE_32,VEVE,0.0000,0.5000,-0.6556,0.4047,-0.6375,0.4329,-0.5329,0.5522,-0.3446,0.3909,-0.6119,0.4393,0.0000,0.5000,0.0000,0.0000
153,VE_31,VE_32,VEVE,0.0000,0.0000,-0.1615,0.2792,-0.3071,0.1444,-0.6233,-0.1507,-0.5053,-0.0829,-0.8409,0.0649,0.0000,0.0000,0.0000,0.0000
